                 [38;2;83;45;12m▄[38;2;57;40;21m[48;2;87;63;38m▀[49m [0m
         [38;2;77;63;0m▄  [38;2;78;65;1m▄[38;2;127;103;1m▄[38;2;138;104;0m▄[38;2;99;67;13m[48;2;102;72;9m▀[38;2;119;71;6m[48;2;64;45;16m▀[49m[38;2;89;53;16m▀  [0m
     [38;2;98;79;0m▄[38;2;158;123;0m▄[38;2;147;120;0m[48;2;162;132;0m▀[38;2;169;138;0m[48;2;157;130;0m▀[38;2;169;139;0m[48;2;156;128;0m▀[38;2;164;135;0m[48;2;152;124;0m▀[38;2;155;126;0m[48;2;145;120;0m▀[38;2;151;122;0m[48;2;119;89;1m▀[38;2;126;96;0m[48;2;53;38;9m▀[49m[38;2;78;56;6m▀     [0m
    [38;2;99;81;0m[48;2;166;135;0m▀[38;2;171;140;0m[48;2;153;125;0m▀[38;2;154;127;0m[48;2;157;131;0m▀[38;2;157;130;0m[48;2;158;131;0m▀[38;2;158;129;0m[48;2;157;127;0m▀[38;2;157;128;0m[48;2;156;127;0m▀[38;2;151;124;0m[48;2;147;120;0m▀[38;2;147;121;0m[48;2;141;112;0m▀[38;2;108;86;5m[48;2;80;65;2m▀[49m       [0m
   [38;2;135;108;0m[48;2;160;128;0m▀[38;2;154;122;0m[48;2;149;120;0m▀[38;2;156;129;0m[48;2;157;131;0m▀[38;2;158;132;0m[48;2;157;130;0m▀[38;2;156;128;0m[48;2;156;129;0m▀[48;2;154;126;0m▀[38;2;154;127;0m[48;2;149;121;0m▀[38;2;138;108;0m[48;2;138;109;0m▀[38;2;134;106;1m[48;2;112;90;1m▀[49m        [0m
  [38;2;134;109;0m[48;2;157;125;0m▀[38;2;157;127;0m[48;2;149;119;0m▀[38;2;155;127;0m[48;2;154;123;0m▀[38;2;156;128;0m[48;2;153;123;0m▀[38;2;155;129;0m[48;2;154;126;0m▀[38;2;153;126;0m[48;2;152;124;0m▀[38;2;152;124;0m[48;2;148;120;0m▀[38;2;142;114;0m[48;2;139;110;0m▀[38;2;142;111;0m[48;2;125;97;1m▀[49m         [0m
 [38;2;77;62;0m[48;2;107;86;0m▀[38;2;160;128;0m[48;2;156;125;0m▀[38;2;149;119;0m[48;2;149;118;0m▀[38;2;153;122;0m[48;2;151;119;0m▀[38;2;153;123;0m[48;2;152;124;0m▀[38;2;151;123;0m[48;2;151;123;0m▀[38;2;151;122;0m[48;2;150;121;0m▀[38;2;144;116;0m[48;2;141;113;0m▀[38;2;145;115;0m[48;2;143;114;0m▀[49m[38;2;87;70;3m▀         [0m
 [38;2;126;100;0m[48;2;139;110;0m▀[38;2;151;119;0m[48;2;149;119;0m▀[38;2;150;119;0m[48;2;150;120;0m▀[38;2;151;121;0m[48;2;152;123;0m▀[38;2;152;124;0m[48;2;151;123;0m▀[38;2;150;121;0m[48;2;150;121;0m▀[38;2;148;118;0m[48;2;144;112;0m▀[38;2;144;114;0m[48;2;148;117;0m▀[38;2;127;102;0m[48;2;105;86;1m▀[49m          [0m
 [38;2;145;115;0m[48;2;145;115;1m▀[38;2;148;118;0m[48;2;146;116;0m▀[38;2;150;121;0m[48;2;150;121;0m▀[38;2;152;123;0m[48;2;151;122;0m▀[38;2;150;120;0m[48;2;150;121;0m▀[38;2;149;118;0m[48;2;149;118;0m▀[38;2;144;114;0m[48;2;144;114;0m▀[38;2;151;121;0m[48;2;153;122;0m▀[38;2;78;64;1m[48;2;77;62;2m▀[49m          [0m
 [38;2;143;112;0m[48;2;141;111;0m▀[38;2;143;111;0m[48;2;141;108;0m▀[38;2;149;120;0m[48;2;147;116;0m▀[38;2;151;122;0m[48;2;151;122;0m▀[48;2;150;121;0m▀[48;2;151;121;0m▀[38;2;145;116;0m[48;2;146;117;0m▀[38;2;153;122;0m[48;2;155;123;0m▀[49m           [0m
 [38;2;136;106;0m[48;2;124;96;0m▀[38;2;143;113;0m[48;2;143;112;0m▀[38;2;146;115;0m[48;2;146;116;0m▀[38;2;150;121;0m[48;2;149;119;0m▀[38;2;150;120;0m▀[38;2;151;121;0m[48;2;150;120;0m▀[38;2;146;117;0m[48;2;147;117;0m▀[38;2;155;123;0m[48;2;152;121;0m▀[38;2;84;67;1m[48;2;108;87;2m▀[49m          [0m
 [38;2;100;77;0m▀[38;2;145;113;0m[48;2;145;112;0m▀[38;2;142;113;0m[48;2;139;109;0m▀[38;2;147;117;0m[48;2;145;115;0m▀[38;2;148;119;0m[48;2;147;119;0m▀[38;2;149;118;0m[48;2;148;118;0m▀[38;2;148;118;0m[48;2;149;119;0m▀[38;2;149;118;0m[48;2;146;116;0m▀[38;2;133;106;0m[48;2;155;124;0m▀[49m          [0m
  [38;2;135;103;0m[48;2;105;80;0m▀[38;2;136;105;0m[48;2;138;104;0m▀[38;2;140;109;0m[48;2;135;101;0m▀[38;2;145;115;0m[48;2;142;110;0m▀[38;2;147;117;0m[48;2;145;115;0m▀[38;2;149;119;0m[48;2;147;117;0m▀[38;2;147;117;0m[48;2;148;119;0m▀[38;2;156;125;0m[48;2;146;117;0m▀[38;2;109;88;0m[48;2;157;126;0m▀[49m         [0m
   [38;2;138;104;0m[48;2;117;89;0m▀[38;2;132;100;0m[48;2;132;100;0m▀[38;2;139;109;0m[48;2;136;106;0m▀[38;2;143;113;0m[48;2;139;109;0m▀[38;2;145;115;0m[48;2;142;112;0m▀[38;2;147;117;0m[48;2;145;115;0m▀[38;2;147;118;0m[48;2;148;119;0m▀[38;2;152;122;0m[48;2;147;118;0m▀[38;2;142;114;0m[48;2;157;125;0m▀[49m[38;2;129;104;1m▄       [0m
    [38;2;134;101;0m[48;2;99;73;0m▀[38;2;129;99;0m[48;2;129;97;0m▀[38;2;136;105;0m[48;2;128;97;0m▀[38;2;139;109;0m[48;2;133;101;0m▀[38;2;143;113;0m[48;2;135;101;0m▀[38;2;146;116;0m[48;2;142;110;0m▀[38;2;148;118;0m[48;2;145;114;0m▀[38;2;146;117;0m[48;2;147;118;0m▀[38;2;158;126;0m[48;2;145;116;0m▀[38;2;128;102;1m[48;2;154;121;0m▀[49m[38;2;127;100;1m▄     [0m
     [38;2;116;85;0m▀[38;2;124;92;0m[48;2;118;84;1m▀[38;2;128;96;0m[48;2;123;91;0m▀[38;2;131;97;0m[48;2;127;95;0m▀[38;2;135;102;0m[48;2;132;99;0m▀[38;2;141;110;0m[48;2;136;104;0m▀[38;2;143;112;0m[48;2;139;108;0m▀[38;2;145;115;0m[48;2;140;108;0m▀[38;2;143;113;0m[48;2;142;111;0m▀[38;2;153;120;0m[48;2;140;112;0m▀[38;2;122;96;1m[48;2;153;121;0m▀[49m[38;2;102;81;1m▄   [0m
       [38;2;109;78;1m▀[38;2;121;88;0m[48;2;84;57;2m▀[38;2;121;90;0m[48;2;110;74;0m▀[38;2;129;97;0m[48;2;111;77;0m▀[38;2;132;100;0m[48;2;118;86;0m▀[38;2;134;101;0m[48;2;122;90;0m▀[48;2;123;91;0m▀[38;2;135;104;0m[48;2;122;90;0m▀[38;2;137;109;0m[48;2;125;94;0m▀[38;2;152;121;0m[48;2;133;106;0m▀[38;2;76;61;1m[48;2;111;86;2m▀[49m  [0m
          [38;2;83;53;3m▀[38;2;97;63;0m▀[38;2;108;73;0m[48;2;50;32;0m▀[38;2;110;77;0m[48;2;61;40;1m▀[38;2;114;81;0m[48;2;65;45;1m▀[38;2;112;84;0m[48;2;51;39;1m▀[49m[38;2;102;78;0m▀[38;2;50;34;5m▀  [0m
